function doIt()

arr = [0:1000000000]

end
