x =

      5.0000
   -120.0000
    630.0000
  -1120.0000
    630.0000


