{
    "Result" : {
        "ID" : "one chunk 2018-11-09 17:38:52",
        "status" : "final",
        "computation" : {
            "startTime" : "2018-11-09 17:38:52",
            "duration" : "182ms",
            "finishTime" : "2018-11-09 17:38:52",
            "CC_versionLong" : "[ViP CCv4.6.1 (C chain)v1.4 (Matlab chain)v2.9 (Octave chain)v2.0 (DuMuX chain)v1.3 (C++ chain)v1.9 (Java chain)v1.8 (Wed Oct  3 12:52:35 CEST 2018)]",
            "CC_version" : "ViP CCv4.6.1",
            "chain_version" : "(C chain)v1.4",
            "technicalInfo" : {
                "host" : "nfldevvip12",
                "PID" : "41277",
                "ID" : "#257"
            },
            "userInfo" : {
                "summary" : "Running succeeded!"
            }
        },
        "Solution" : {
            "postTime" : "2011-05-09 17:29:02+02:00",
            "ID" : "127.32.15.3#127",
            "comment" : "solution without modified elements",
            "exercise" : "https://nfldevvipecs.rus.uni-stuttgart.de/numlab/exercises/36562",
            "exerciseModifications" : {
                "elements" : [
                ]
            }
        },
        "elements" : [
            {
                "identifier" : "compile_stderr_0.txt",
                "value" : "",
                "MIMEtype" : "text/plain"
            },
            {
                "identifier" : "compile_stdout_0.txt",
                "value" : "",
                "MIMEtype" : "text/plain"
            },
            {
                "identifier" : "pp_stderr_0.txt",
                "value" : "",
                "MIMEtype" : "text/plain"
            },
            {
                "identifier" : "link_log.txt",
                "value" : "",
                "MIMEtype" : "text/plain"
            },
            {
                "identifier" : "exec_stderr.txt",
                "value" : "",
                "MIMEtype" : "text/plain"
            },
            {
                "identifier" : "exec_stdout.txt",
                "value" : "",
                "MIMEtype" : "text/plain"
            },
            {
                "identifier" : "vipplot.vgfc",
                "value" : "Gridplot\n# x-range -3.000000 3.000000\n# y-range -3.000000 3.000000\n# x-count 100\n# y-count 100\n# scale 1 1 1\n# min-color 255 0 0\n# max-color 0 0 255\n# time 0\n# label piezometric head\n-0.041722 -0.053030 -0.057843 -0.055712 -0.047036 -0.032936 -0.015052 0.004693 0.024322 0.042014 0.056265 0.065988 0.070567 0.069850 0.064102 0.053934 0.040206 0.023932 0.006183 -0.011993 -0.029638 -0.045934 -0.060229 -0.072054 -0.081119 -0.087302 -0.090625 -0.091234 -0.089365 -0.085321 -0.079445 -0.072097 -0.063635 -0.054402 -0.044713 -0.034847 -0.025049 -0.015520 -0.006426 0.002107 0.009982 0.017131 0.023509 0.029091 0.033865 0.037829 0.040986 0.043344 0.044911 0.045693 0.045693 0.044911 0.043344 0.040986 0.037829 0.033865 0.029091 0.023509 0.017131 0.009982 0.002107 -0.006426 -0.015520 -0.025049 -0.034847 -0.044713 -0.054402 -0.063635 -0.072097 -0.079445 -0.085321 -0.089365 -0.091234 -0.090625 -0.087302 -0.081119 -0.072054 -0.060229 -0.045934 -0.029638 -0.011993 0.006183 0.023932 0.040206 0.053934 0.064102 0.069850 0.070567 0.065988 0.056265 0.042014 0.024322 0.004693 -0.015052 -0.032936 -0.047036 -0.055712 -0.057843 -0.053030 -0.041722 \n-0.053030 -0.057870 -0.055468 -0.046257 -0.031455 -0.012836 0.007520 0.027494 0.045150 0.058916 0.067691 0.070902 0.068484 0.060832 0.048705 0.033121 0.015244 -0.003723 -0.022629 -0.040449 -0.056329 -0.069621 -0.079890 -0.086906 -0.090625 -0.091164 -0.088765 -0.083763 -0.076556 -0.067570 -0.057236 -0.045973 -0.034165 -0.022158 -0.010246 0.001325 0.012360 0.022711 0.032276 0.040986 0.048808 0.055733 0.061770 0.066944 0.071285 0.074831 0.077616 0.079674 0.081030 0.081703 0.081703 0.081030 0.079674 0.077616 0.074831 0.071285 0.066944 0.061770 0.055733 0.048808 0.040986 0.032276 0.022711 0.012360 0.001325 -0.010246 -0.022158 -0.034165 -0.045973 -0.057236 -0.067570 -0.076556 -0.083763 -0.088765 -0.091164 -0.090625 -0.086906 -0.079890 -0.069621 -0.056329 -0.040449 -0.022629 -0.003723 0.015244 0.033121 0.048705 0.060832 0.068484 0.070902 0.067691 0.058916 0.045150 0.027494 0.007520 -0.012836 -0.031455 -0.046257 -0.055468 -0.057870 -0.053030 \n-0.057843 -0.055468 -0.045992 -0.030702 -0.011493 0.009406 0.029729 0.047416 0.060816 0.068803 0.070832 0.066923 0.057592 0.043743 0.026552 0.007332 -0.012585 -0.031949 -0.049667 -0.064863 -0.076899 -0.085383 -0.090154 -0.091262 -0.088922 -0.083487 -0.075395 -0.065143 -0.053242 -0.040197 -0.026480 -0.012517 0.001325 0.014743 0.027497 0.039409 0.050358 0.060273 0.069126 0.076924 0.083703 0.089515 0.094427 0.098513 0.101846 0.104500 0.106538 0.108015 0.108975 0.109448 0.109448 0.108975 0.108015 0.106538 0.104500 0.101846 0.098513 0.094427 0.089515 0.083703 0.076924 0.069126 0.060273 0.050358 0.039409 0.027497 0.014743 0.001325 -0.012517 -0.026480 -0.040197 -0.053242 -0.065143 -0.075395 -0.083487 -0.088922 -0.091262 -0.090154 -0.085383 -0.076899 -0.064863 -0.049667 -0.031949 -0.012585 0.007332 0.026552 0.043743 0.057592 0.066923 0.070832 0.068803 0.060816 0.047416 0.029729 0.009406 -0.011493 -0.030702 -0.045992 -0.055468 -0.057843 \n-0.055712 -0.046257 -0.030702 -0.011044 0.010349 0.031056 0.048884 0.062083 0.069486 0.070563 0.065401 0.054629 0.039295 0.020725 0.000381 -0.020274 -0.039891 -0.057319 -0.071657 -0.082284 -0.088860 -0.091304 -0.089763 -0.084564 -0.076174 -0.065143 -0.052066 -0.037546 -0.022158 -0.006426 0.009191 0.024307 0.038619 0.051901 0.064001 0.074831 0.084363 0.092614 0.099642 0.105528 0.110378 0.114304 0.117425 0.119859 0.121716 0.123098 0.124093 0.124773 0.125195 0.125397 0.125397 0.125195 0.124773 0.124093 0.123098 0.121716 0.119859 0.117425 0.114304 0.110378 0.105528 0.099642 0.092614 0.084363 0.074831 0.064001 0.051901 0.038619 0.024307 0.009191 -0.006426 -0.022158 -0.037546 -0.052066 -0.065143 -0.076174 -0.084564 -0.089763 -0.091304 -0.088860 -0.082284 -0.071657 -0.057319 -0.039891 -0.020274 0.000381 0.020725 0.039295 0.054629 0.065401 0.070563 0.069486 0.062083 0.048884 0.031056 0.010349 -0.011044 -0.030702 -0.046257 -0.055712 \n-0.047036 -0.031455 -0.011493 0.010349 0.031496 0.049604 0.062806 0.069869 0.070255 0.064102 0.052138 0.035545 0.015799 -0.005490 -0.026731 -0.046473 -0.063503 -0.076899 -0.086062 -0.090705 -0.090834 -0.086701 -0.078751 -0.067570 -0.053824 -0.038214 -0.021429 -0.004115 0.013154 0.029888 0.045693 0.060273 0.073421 0.085019 0.095023 0.103452 0.110378 0.115909 0.120183 0.123356 0.125592 0.127056 0.127908 0.128300 0.128368 0.128234 0.128001 0.127752 0.127551 0.127440 0.127440 0.127551 0.127752 0.128001 0.128234 0.128368 0.128300 0.127908 0.127056 0.125592 0.123356 0.120183 0.115909 0.110378 0.103452 0.095023 0.085019 0.073421 0.060273 0.045693 0.029888 0.013154 -0.004115 -0.021429 -0.038214 -0.053824 -0.067570 -0.078751 -0.086701 -0.090834 -0.090705 -0.086062 -0.076899 -0.063503 -0.046473 -0.026731 -0.005490 0.015799 0.035545 0.052138 0.064102 0.070255 0.069869 0.062806 0.049604 0.031496 0.010349 -0.011493 -0.031455 -0.047036 \n-0.032936 -0.012836 0.009406 0.031056 0.049604 0.063041 0.070038 0.070023 0.063162 0.050262 0.032629 0.011884 -0.010217 -0.031949 -0.051757 -0.068361 -0.080818 -0.088545 -0.091316 -0.089223 -0.082627 -0.072097 -0.058343 -0.042152 -0.024330 -0.005657 0.013154 0.031480 0.048808 0.064740 0.078991 0.091386 0.101846 0.110378 0.117054 0.122004 0.125397 0.127425 0.128300 0.128234 0.127440 0.126118 0.124457 0.122627 0.120778 0.119040 0.117521 0.116307 0.115462 0.115028 0.115028 0.115462 0.116307 0.117521 0.119040 0.120778 0.122627 0.124457 0.126118 0.127440 0.128234 0.128300 0.127425 0.125397 0.122004 0.117054 0.110378 0.101846 0.091386 0.078991 0.064740 0.048808 0.031480 0.013154 -0.005657 -0.024330 -0.042152 -0.058343 -0.072097 -0.082627 -0.089223 -0.091316 -0.088545 -0.080818 -0.068361 -0.051757 -0.031949 -0.010217 0.011884 0.032629 0.050262 0.063162 0.070023 0.070038 0.063041 0.049604 0.031056 0.009406 -0.012836 -0.032936 \n-0.015052 0.007520 0.029729 0.048884 0.062806 0.070038 0.069938 0.062669 0.049099 0.030639 0.009048 -0.013770 -0.035951 -0.055830 -0.072054 -0.083648 -0.090046 -0.091074 -0.086914 -0.078038 -0.065143 -0.049064 -0.030713 -0.011005 0.009191 0.029091 0.048031 0.065477 0.081030 0.094427 0.105528 0.114304 0.120814 0.125195 0.127639 0.128374 0.127655 0.125746 0.122910 0.119402 0.115462 0.111308 0.107139 0.103129 0.099426 0.096156 0.093421 0.091302 0.089856 0.089124 0.089124 0.089856 0.091302 0.093421 0.096156 0.099426 0.103129 0.107139 0.111308 0.115462 0.119402 0.122910 0.125746 0.127655 0.128374 0.127639 0.125195 0.120814 0.114304 0.105528 0.094427 0.081030 0.065477 0.048031 0.029091 0.009191 -0.011005 -0.030713 -0.049064 -0.065143 -0.078038 -0.086914 -0.091074 -0.090046 -0.083648 -0.072054 -0.055830 -0.035951 -0.013770 0.009048 0.030639 0.049099 0.062669 0.069938 0.070038 0.062806 0.048884 0.029729 0.007520 -0.015052 \n0.004693 0.027494 0.047416 0.062083 0.069869 0.070023 0.062669 0.048705 0.029630 0.007332 -0.016138 -0.038772 -0.058785 -0.074738 -0.085613 -0.090851 -0.090325 -0.084302 -0.073368 -0.058343 -0.040197 -0.019965 0.001325 0.022711 0.043344 0.062516 0.079674 0.094427 0.106538 0.115909 0.122563 0.126626 0.128300 0.127842 0.125549 0.121735 0.116719 0.110811 0.104309 0.097484 0.090582 0.083822 0.077392 0.071453 0.066138 0.061557 0.057795 0.054919 0.052976 0.051997 0.051997 0.052976 0.054919 0.057795 0.061557 0.066138 0.071453 0.077392 0.083822 0.090582 0.097484 0.104309 0.110811 0.116719 0.121735 0.125549 0.127842 0.128300 0.126626 0.122563 0.115909 0.106538 0.094427 0.079674 0.062516 0.043344 0.022711 0.001325 -0.019965 -0.040197 -0.058343 -0.073368 -0.084302 -0.090325 -0.090851 -0.085613 -0.074738 -0.058785 -0.038772 -0.016138 0.007332 0.029630 0.048705 0.062669 0.070023 0.069869 0.062083 0.047416 0.027494 0.004693 \n0.024322 0.045150 0.060816 0.069486 0.070255 0.063162 0.049099 0.029630 0.006758 -0.017321 -0.040449 -0.060705 -0.076548 -0.086906 -0.091207 -0.089365 -0.081723 -0.068974 -0.052066 -0.032102 -0.010246 0.012360 0.034659 0.055733 0.074831 0.091386 0.105017 0.115516 0.122834 0.127056 0.128374 0.127064 0.123455 0.117912 0.110811 0.102529 0.093421 0.083822 0.074033 0.064322 0.054919 0.046019 0.037785 0.030349 0.023816 0.018267 0.013763 0.010350 0.008058 0.006908 0.006908 0.008058 0.010350 0.013763 0.018267 0.023816 0.030349 0.037785 0.046019 0.054919 0.064322 0.074033 0.083822 0.093421 0.102529 0.110811 0.117912 0.123455 0.127064 0.128374 0.127056 0.122834 0.115516 0.105017 0.091386 0.074831 0.055733 0.034659 0.012360 -0.010246 -0.032102 -0.052066 -0.068974 -0.081723 -0.089365 -0.091207 -0.086906 -0.076548 -0.060705 -0.040449 -0.017321 0.006758 0.029630 0.049099 0.063162 0.070255 0.069486 0.060816 0.045150 0.024322 \n0.042014 0.058916 0.068803 0.070563 0.064102 0.050262 0.030639 0.007332 -0.017321 -0.041004 -0.061648 -0.077590 -0.087680 -0.091316 -0.088435 -0.079445 -0.065143 -0.046598 -0.025049 -0.001791 0.021914 0.044911 0.066211 0.085019 0.100753 0.113043 0.121716 0.126776 0.128374 0.126777 0.122337 0.115462 0.106587 0.096156 0.084598 0.072319 0.059686 0.047027 0.034624 0.022714 0.011491 0.001111 -0.008306 -0.016670 -0.023916 -0.030000 -0.034891 -0.038571 -0.041029 -0.042259 -0.042259 -0.041029 -0.038571 -0.034891 -0.030000 -0.023916 -0.016670 -0.008306 0.001111 0.011491 0.022714 0.034624 0.047027 0.059686 0.072319 0.084598 0.096156 0.106587 0.115462 0.122337 0.126777 0.128374 0.126776 0.121716 0.113043 0.100753 0.085019 0.066211 0.044911 0.021914 -0.001791 -0.025049 -0.046598 -0.065143 -0.079445 -0.088435 -0.091316 -0.087680 -0.077590 -0.061648 -0.041004 -0.017321 0.007332 0.030639 0.050262 0.064102 0.070563 0.068803 0.058916 0.042014 \n0.056265 0.067691 0.070832 0.065401 0.052138 0.032629 0.009048 -0.016138 -0.040449 -0.061648 -0.077930 -0.088040 -0.091322 -0.087714 -0.077675 -0.062090 -0.042152 -0.019229 0.005246 0.029888 0.053439 0.074831 0.093223 0.108015 0.118850 0.125592 0.128300 0.127196 0.122627 0.115028 0.104889 0.092721 0.079036 0.064322 0.049030 0.033561 0.018267 0.003439 -0.010685 -0.023916 -0.036117 -0.047186 -0.057058 -0.065697 -0.073084 -0.079217 -0.084102 -0.087752 -0.090176 -0.091386 -0.091386 -0.090176 -0.087752 -0.084102 -0.079217 -0.073084 -0.065697 -0.057058 -0.047186 -0.036117 -0.023916 -0.010685 0.003439 0.018267 0.033561 0.049030 0.064322 0.079036 0.092721 0.104889 0.115028 0.122627 0.127196 0.128300 0.125592 0.118850 0.108015 0.093223 0.074831 0.053439 0.029888 0.005246 -0.019229 -0.042152 -0.062090 -0.077675 -0.087714 -0.091322 -0.088040 -0.077930 -0.061648 -0.040449 -0.016138 0.009048 0.032629 0.052138 0.065401 0.070832 0.067691 0.056265 \n0.065988 0.070902 0.066923 0.054629 0.035545 0.011884 -0.013770 -0.038772 -0.060705 -0.077590 -0.088040 -0.091315 -0.087324 -0.076556 -0.059973 -0.038878 -0.014772 0.010774 0.036245 0.060273 0.081703 0.099642 0.113468 0.122834 0.127639 0.128001 0.124218 0.116719 0.106028 0.092721 0.077392 0.060624 0.042966 0.024915 0.006908 -0.010685 -0.027562 -0.043489 -0.058293 -0.071854 -0.084102 -0.095004 -0.104558 -0.112784 -0.119718 -0.125403 -0.129883 -0.133201 -0.135392 -0.136481 -0.136481 -0.135392 -0.133201 -0.129883 -0.125403 -0.119718 -0.112784 -0.104558 -0.095004 -0.084102 -0.071854 -0.058293 -0.043489 -0.027562 -0.010685 0.006908 0.024915 0.042966 0.060624 0.077392 0.092721 0.106028 0.116719 0.124218 0.128001 0.127639 0.122834 0.113468 0.099642 0.081703 0.060273 0.036245 0.010774 -0.014772 -0.038878 -0.059973 -0.076556 -0.087324 -0.091315 -0.088040 -0.077590 -0.060705 -0.038772 -0.013770 0.011884 0.035545 0.054629 0.066923 0.070902 0.065988 \n0.070567 0.068484 0.057592 0.039295 0.015799 -0.010217 -0.035951 -0.058785 -0.076548 -0.087680 -0.091322 -0.087324 -0.076174 -0.058890 -0.036876 -0.011762 0.014743 0.040986 0.065477 0.086967 0.104500 0.117425 0.125397 0.128350 0.126462 0.120105 0.109797 0.096156 0.079849 0.061557 0.041939 0.021607 0.001111 -0.019078 -0.038571 -0.057058 -0.074312 -0.090176 -0.104558 -0.117420 -0.128769 -0.138645 -0.147116 -0.154261 -0.160169 -0.164930 -0.168626 -0.171330 -0.173099 -0.173973 -0.173973 -0.173099 -0.171330 -0.168626 -0.164930 -0.160169 -0.154261 -0.147116 -0.138645 -0.128769 -0.117420 -0.104558 -0.090176 -0.074312 -0.057058 -0.038571 -0.019078 0.001111 0.021607 0.041939 0.061557 0.079849 0.096156 0.109797 0.120105 0.126462 0.128350 0.125397 0.117425 0.104500 0.086967 0.065477 0.040986 0.014743 -0.011762 -0.036876 -0.058890 -0.076174 -0.087324 -0.091322 -0.087680 -0.076548 -0.058785 -0.035951 -0.010217 0.015799 0.039295 0.057592 0.068484 0.070567 \n0.069850 0.060832 0.043743 0.020725 -0.005490 -0.031949 -0.055830 -0.074738 -0.086906 -0.091316 -0.087714 -0.076556 -0.058890 -0.036203 -0.010246 0.017131 0.044129 0.069126 0.090766 0.108015 0.120183 0.126919 0.128187 0.124218 0.115462 0.102529 0.086132 0.067038 0.046019 0.023816 0.001111 -0.021494 -0.043489 -0.064464 -0.084102 -0.102184 -0.118571 -0.133201 -0.146074 -0.157241 -0.166791 -0.174840 -0.181522 -0.186978 -0.191347 -0.194761 -0.197338 -0.199180 -0.200362 -0.200940 -0.200940 -0.200362 -0.199180 -0.197338 -0.194761 -0.191347 -0.186978 -0.181522 -0.174840 -0.166791 -0.157241 -0.146074 -0.133201 -0.118571 -0.102184 -0.084102 -0.064464 -0.043489 -0.021494 0.001111 0.023816 0.046019 0.067038 0.086132 0.102529 0.115462 0.124218 0.128187 0.126919 0.120183 0.108015 0.090766 0.069126 0.044129 0.017131 -0.010246 -0.036203 -0.058890 -0.076556 -0.087714 -0.091316 -0.086906 -0.074738 -0.055830 -0.031949 -0.005490 0.020725 0.043743 0.060832 0.069850 \n0.064102 0.048705 0.026552 0.000381 -0.026731 -0.051757 -0.072054 -0.085613 -0.091207 -0.088435 -0.077675 -0.059973 -0.036876 -0.010246 0.017927 0.045693 0.071285 0.093223 0.110378 0.122004 0.127735 0.127551 0.121735 0.110811 0.095482 0.076561 0.054919 0.031424 0.006908 -0.017873 -0.042259 -0.065697 -0.087752 -0.108100 -0.126529 -0.142919 -0.157241 -0.169534 -0.179895 -0.188466 -0.195418 -0.200940 -0.205230 -0.208482 -0.210884 -0.212604 -0.213791 -0.214570 -0.215036 -0.215252 -0.215252 -0.215036 -0.214570 -0.213791 -0.212604 -0.210884 -0.208482 -0.205230 -0.200940 -0.195418 -0.188466 -0.179895 -0.169534 -0.157241 -0.142919 -0.126529 -0.108100 -0.087752 -0.065697 -0.042259 -0.017873 0.006908 0.031424 0.054919 0.076561 0.095482 0.110811 0.121735 0.127551 0.127735 0.122004 0.110378 0.093223 0.071285 0.045693 0.017927 -0.010246 -0.036876 -0.059973 -0.077675 -0.088435 -0.091207 -0.085613 -0.072054 -0.051757 -0.026731 0.000381 0.026552 0.048705 0.064102 \n0.053934 0.033121 0.007332 -0.020274 -0.046473 -0.068361 -0.083648 -0.090851 -0.089365 -0.079445 -0.062090 -0.038878 -0.011762 0.017131 0.045693 0.072000 0.094427 0.111734 0.123098 0.128117 0.126777 0.119402 0.106587 0.089124 0.067932 0.043988 0.018267 -0.008306 -0.034891 -0.060762 -0.085320 -0.108100 -0.128769 -0.147116 -0.163044 -0.176554 -0.187726 -0.196707 -0.203692 -0.208908 -0.212604 -0.215036 -0.216457 -0.217111 -0.217222 -0.216991 -0.216591 -0.216164 -0.215818 -0.215627 -0.215627 -0.215818 -0.216164 -0.216591 -0.216991 -0.217222 -0.217111 -0.216457 -0.215036 -0.212604 -0.208908 -0.203692 -0.196707 -0.187726 -0.176554 -0.163044 -0.147116 -0.128769 -0.108100 -0.085320 -0.060762 -0.034891 -0.008306 0.018267 0.043988 0.067932 0.089124 0.106587 0.119402 0.126777 0.128117 0.123098 0.111734 0.094427 0.072000 0.045693 0.017131 -0.011762 -0.038878 -0.062090 -0.079445 -0.089365 -0.090851 -0.083648 -0.068361 -0.046473 -0.020274 0.007332 0.033121 0.053934 \n0.040206 0.015244 -0.012585 -0.039891 -0.063503 -0.080818 -0.090046 -0.090325 -0.081723 -0.065143 -0.042152 -0.014772 0.014743 0.044129 0.071285 0.094427 0.112175 0.123608 0.128264 0.126118 0.117521 0.103129 0.083822 0.060624 0.034624 0.006908 -0.021494 -0.049652 -0.076767 -0.102184 -0.125403 -0.146074 -0.163990 -0.179071 -0.191347 -0.200940 -0.208047 -0.212916 -0.215835 -0.217111 -0.217061 -0.215997 -0.214221 -0.212011 -0.209624 -0.207282 -0.205175 -0.203459 -0.202249 -0.201624 -0.201624 -0.202249 -0.203459 -0.205175 -0.207282 -0.209624 -0.212011 -0.214221 -0.215997 -0.217061 -0.217111 -0.215835 -0.212916 -0.208047 -0.200940 -0.191347 -0.179071 -0.163990 -0.146074 -0.125403 -0.102184 -0.076767 -0.049652 -0.021494 0.006908 0.034624 0.060624 0.083822 0.103129 0.117521 0.126118 0.128264 0.123608 0.112175 0.094427 0.071285 0.044129 0.014743 -0.014772 -0.042152 -0.065143 -0.081723 -0.090325 -0.090046 -0.080818 -0.063503 -0.039891 -0.012585 0.015244 0.040206 \n0.023932 -0.003723 -0.031949 -0.057319 -0.076899 -0.088545 -0.091074 -0.084302 -0.068974 -0.046598 -0.019229 0.010774 0.040986 0.069126 0.093223 0.111734 0.123608 0.128300 0.125746 0.116307 0.100687 0.079849 0.054919 0.027100 -0.002401 -0.032443 -0.061996 -0.090176 -0.116266 -0.139721 -0.160169 -0.177400 -0.191347 -0.202069 -0.209728 -0.214570 -0.216899 -0.217061 -0.215424 -0.212365 -0.208257 -0.203459 -0.198305 -0.193102 -0.188124 -0.183609 -0.179755 -0.176725 -0.174637 -0.173573 -0.173573 -0.174637 -0.176725 -0.179755 -0.183609 -0.188124 -0.193102 -0.198305 -0.203459 -0.208257 -0.212365 -0.215424 -0.217061 -0.216899 -0.214570 -0.209728 -0.202069 -0.191347 -0.177400 -0.160169 -0.139721 -0.116266 -0.090176 -0.061996 -0.032443 -0.002401 0.027100 0.054919 0.079849 0.100687 0.116307 0.125746 0.128300 0.123608 0.111734 0.093223 0.069126 0.040986 0.010774 -0.019229 -0.046598 -0.068974 -0.084302 -0.091074 -0.088545 -0.076899 -0.057319 -0.031949 -0.003723 0.023932 \n0.006183 -0.022629 -0.049667 -0.071657 -0.086062 -0.091316 -0.086914 -0.073368 -0.052066 -0.025049 0.005246 0.036245 0.065477 0.090766 0.110378 0.123098 0.128264 0.125746 0.115888 0.099426 0.077392 0.051012 0.021607 -0.009494 -0.041029 -0.071854 -0.100993 -0.127651 -0.151231 -0.171330 -0.187726 -0.200362 -0.209323 -0.214808 -0.217111 -0.216591 -0.213652 -0.208726 -0.202249 -0.194655 -0.186358 -0.177748 -0.169183 -0.160985 -0.153435 -0.146776 -0.141209 -0.136894 -0.133952 -0.132461 -0.132461 -0.133952 -0.136894 -0.141209 -0.146776 -0.153435 -0.160985 -0.169183 -0.177748 -0.186358 -0.194655 -0.202249 -0.208726 -0.213652 -0.216591 -0.217111 -0.214808 -0.209323 -0.200362 -0.187726 -0.171330 -0.151231 -0.127651 -0.100993 -0.071854 -0.041029 -0.009494 0.021607 0.051012 0.077392 0.099426 0.115888 0.125746 0.128264 0.123098 0.110378 0.090766 0.065477 0.036245 0.005246 -0.025049 -0.052066 -0.073368 -0.086914 -0.091316 -0.086062 -0.071657 -0.049667 -0.022629 0.006183 \n-0.011993 -0.040449 -0.064863 -0.082284 -0.090705 -0.089223 -0.078038 -0.058343 -0.032102 -0.001791 0.029888 0.060273 0.086967 0.108015 0.122004 0.128117 0.126118 0.116307 0.099426 0.076561 0.049030 0.018267 -0.014270 -0.047186 -0.079217 -0.109276 -0.136481 -0.160169 -0.179895 -0.195418 -0.206682 -0.213791 -0.216981 -0.216591 -0.213034 -0.206775 -0.198305 -0.188124 -0.176725 -0.164579 -0.152130 -0.139784 -0.127908 -0.116828 -0.106822 -0.098131 -0.090947 -0.085427 -0.081685 -0.079794 -0.079794 -0.081685 -0.085427 -0.090947 -0.098131 -0.106822 -0.116828 -0.127908 -0.139784 -0.152130 -0.164579 -0.176725 -0.188124 -0.198305 -0.206775 -0.213034 -0.216591 -0.216981 -0.213791 -0.206682 -0.195418 -0.179895 -0.160169 -0.136481 -0.109276 -0.079217 -0.047186 -0.014270 0.018267 0.049030 0.076561 0.099426 0.116307 0.126118 0.128117 0.122004 0.108015 0.086967 0.060273 0.029888 -0.001791 -0.032102 -0.058343 -0.078038 -0.089223 -0.090705 -0.082284 -0.064863 -0.040449 -0.011993 \n-0.029638 -0.056329 -0.076899 -0.088860 -0.090834 -0.082627 -0.065143 -0.040197 -0.010246 0.021914 0.053439 0.081703 0.104500 0.120183 0.127735 0.126777 0.117521 0.100687 0.077392 0.049030 0.017146 -0.016670 -0.050886 -0.084102 -0.115109 -0.142919 -0.166791 -0.186222 -0.200940 -0.210884 -0.216168 -0.217061 -0.213943 -0.207282 -0.197601 -0.185455 -0.171405 -0.156005 -0.139784 -0.123238 -0.106822 -0.090947 -0.075977 -0.062226 -0.049966 -0.039420 -0.030772 -0.024164 -0.019702 -0.017454 -0.017454 -0.019702 -0.024164 -0.030772 -0.039420 -0.049966 -0.062226 -0.075977 -0.090947 -0.106822 -0.123238 -0.139784 -0.156005 -0.171405 -0.185455 -0.197601 -0.207282 -0.213943 -0.217061 -0.216168 -0.210884 -0.200940 -0.186222 -0.166791 -0.142919 -0.115109 -0.084102 -0.050886 -0.016670 0.017146 0.049030 0.077392 0.100687 0.117521 0.126777 0.127735 0.120183 0.104500 0.081703 0.053439 0.021914 -0.010246 -0.040197 -0.065143 -0.082627 -0.090834 -0.088860 -0.076899 -0.056329 -0.029638 \n-0.045934 -0.069621 -0.085383 -0.091304 -0.086701 -0.072097 -0.049064 -0.019965 0.012360 0.044911 0.074831 0.099642 0.117425 0.126919 0.127551 0.119402 0.103129 0.079849 0.051012 0.018267 -0.016670 -0.052120 -0.086537 -0.118571 -0.147116 -0.171330 -0.190639 -0.204727 -0.213510 -0.217111 -0.215818 -0.210054 -0.200336 -0.187248 -0.171405 -0.153435 -0.133952 -0.113544 -0.092762 -0.072110 -0.052039 -0.032951 -0.015194 0.000935 0.015186 0.027354 0.037275 0.044822 0.049903 0.052459 0.052459 0.049903 0.044822 0.037275 0.027354 0.015186 0.000935 -0.015194 -0.032951 -0.052039 -0.072110 -0.092762 -0.113544 -0.133952 -0.153435 -0.171405 -0.187248 -0.200336 -0.210054 -0.215818 -0.217111 -0.213510 -0.204727 -0.190639 -0.171330 -0.147116 -0.118571 -0.086537 -0.052120 -0.016670 0.018267 0.051012 0.079849 0.103129 0.119402 0.127551 0.126919 0.117425 0.099642 0.074831 0.044911 0.012360 -0.019965 -0.049064 -0.072097 -0.086701 -0.091304 -0.085383 -0.069621 -0.045934 \n-0.060229 -0.079890 -0.090154 -0.089763 -0.078751 -0.058343 -0.030713 0.001325 0.034659 0.066211 0.093223 0.113468 0.125397 0.128187 0.121735 0.106587 0.083822 0.054919 0.021607 -0.014270 -0.050886 -0.086537 -0.119718 -0.149184 -0.173973 -0.193420 -0.207147 -0.215036 -0.217199 -0.213943 -0.205721 -0.193102 -0.176725 -0.157270 -0.135430 -0.111883 -0.087280 -0.062226 -0.037275 -0.012924 0.010392 0.032294 0.052459 0.070617 0.086546 0.100068 0.111042 0.119360 0.124947 0.127752 0.127752 0.124947 0.119360 0.111042 0.100068 0.086546 0.070617 0.052459 0.032294 0.010392 -0.012924 -0.037275 -0.062226 -0.087280 -0.111883 -0.135430 -0.157270 -0.176725 -0.193102 -0.205721 -0.213943 -0.217199 -0.215036 -0.207147 -0.193420 -0.173973 -0.149184 -0.119718 -0.086537 -0.050886 -0.014270 0.021607 0.054919 0.083822 0.106587 0.121735 0.128187 0.125397 0.113468 0.093223 0.066211 0.034659 0.001325 -0.030713 -0.058343 -0.078751 -0.089763 -0.090154 -0.079890 -0.060229 \n-0.072054 -0.086906 -0.091262 -0.084564 -0.067570 -0.042152 -0.011005 0.022711 0.055733 0.085019 0.108015 0.122834 0.128350 0.124218 0.110811 0.089124 0.060624 0.027100 -0.009494 -0.047186 -0.084102 -0.118571 -0.149184 -0.174840 -0.194761 -0.208482 -0.215835 -0.216909 -0.212011 -0.201624 -0.186358 -0.166908 -0.144019 -0.118450 -0.090947 -0.062226 -0.032951 -0.003729 0.024899 0.052459 0.078540 0.102799 0.124947 0.144749 0.162016 0.176602 0.188391 0.197301 0.203272 0.206266 0.206266 0.203272 0.197301 0.188391 0.176602 0.162016 0.144749 0.124947 0.102799 0.078540 0.052459 0.024899 -0.003729 -0.032951 -0.062226 -0.090947 -0.118450 -0.144019 -0.166908 -0.186358 -0.201624 -0.212011 -0.216909 -0.215835 -0.208482 -0.194761 -0.174840 -0.149184 -0.118571 -0.084102 -0.047186 -0.009494 0.027100 0.060624 0.089124 0.110811 0.124218 0.128350 0.122834 0.108015 0.085019 0.055733 0.022711 -0.011005 -0.042152 -0.067570 -0.084564 -0.091262 -0.086906 -0.072054 \n-0.081119 -0.090625 -0.088922 -0.076174 -0.053824 -0.024330 0.009191 0.043344 0.074831 0.100753 0.118850 0.127639 0.126462 0.115462 0.095482 0.067932 0.034624 -0.002401 -0.041029 -0.079217 -0.115109 -0.147116 -0.173973 -0.194761 -0.208908 -0.216168 -0.216591 -0.210471 -0.198305 -0.180739 -0.158522 -0.132461 -0.103384 -0.072110 -0.039420 -0.006044 0.027354 0.060183 0.091929 0.122149 0.150475 0.176602 0.200284 0.221326 0.239580 0.254931 0.267295 0.276614 0.282847 0.285969 0.285969 0.282847 0.276614 0.267295 0.254931 0.239580 0.221326 0.200284 0.176602 0.150475 0.122149 0.091929 0.060183 0.027354 -0.006044 -0.039420 -0.072110 -0.103384 -0.132461 -0.158522 -0.180739 -0.198305 -0.210471 -0.216591 -0.216168 -0.208908 -0.194761 -0.173973 -0.147116 -0.115109 -0.079217 -0.041029 -0.002401 0.034624 0.067932 0.095482 0.115462 0.126462 0.127639 0.118850 0.100753 0.074831 0.043344 0.009191 -0.024330 -0.053824 -0.076174 -0.088922 -0.090625 -0.081119 \n-0.087302 -0.091164 -0.083487 -0.065143 -0.038214 -0.005657 0.029091 0.062516 0.091386 0.113043 0.125592 0.128001 0.120105 0.102529 0.076561 0.043988 0.006908 -0.032443 -0.071854 -0.109276 -0.142919 -0.171330 -0.193420 -0.208482 -0.216168 -0.216461 -0.209624 -0.196154 -0.176725 -0.152130 -0.123238 -0.090947 -0.056150 -0.019702 0.017598 0.055024 0.091929 0.127752 0.162016 0.194325 0.224355 0.251851 0.276614 0.298495 0.317385 0.333207 0.345910 0.355459 0.361835 0.365025 0.365025 0.361835 0.355459 0.345910 0.333207 0.317385 0.298495 0.276614 0.251851 0.224355 0.194325 0.162016 0.127752 0.091929 0.055024 0.017598 -0.019702 -0.056150 -0.090947 -0.123238 -0.152130 -0.176725 -0.196154 -0.209624 -0.216461 -0.216168 -0.208482 -0.193420 -0.171330 -0.142919 -0.109276 -0.071854 -0.032443 0.006908 0.043988 0.076561 0.102529 0.120105 0.128001 0.125592 0.113043 0.091386 0.062516 0.029091 -0.005657 -0.038214 -0.065143 -0.083487 -0.091164 -0.087302 \n-0.090625 -0.088765 -0.075395 -0.052066 -0.021429 0.013154 0.048031 0.079674 0.105017 0.121716 0.128300 0.124218 0.109797 0.086132 0.054919 0.018267 -0.021494 -0.061996 -0.100993 -0.136481 -0.166791 -0.190639 -0.207147 -0.215835 -0.216591 -0.209624 -0.195411 -0.174637 -0.148134 -0.116828 -0.081685 -0.043674 -0.003729 0.037275 0.078540 0.119360 0.159120 0.197301 0.233474 0.267295 0.298495 0.326870 0.352274 0.374605 0.393796 0.409811 0.422627 0.432239 0.438645 0.441847 0.441847 0.438645 0.432239 0.422627 0.409811 0.393796 0.374605 0.352274 0.326870 0.298495 0.267295 0.233474 0.197301 0.159120 0.119360 0.078540 0.037275 -0.003729 -0.043674 -0.081685 -0.116828 -0.148134 -0.174637 -0.195411 -0.209624 -0.216591 -0.215835 -0.207147 -0.190639 -0.166791 -0.136481 -0.100993 -0.061996 -0.021494 0.018267 0.054919 0.086132 0.109797 0.124218 0.128300 0.121716 0.105017 0.079674 0.048031 0.013154 -0.021429 -0.052066 -0.075395 -0.088765 -0.090625 \n-0.091234 -0.083763 -0.065143 -0.037546 -0.004115 0.031480 0.065477 0.094427 0.115516 0.126776 0.127196 0.116719 0.096156 0.067038 0.031424 -0.008306 -0.049652 -0.090176 -0.127651 -0.160169 -0.186222 -0.204727 -0.215036 -0.216909 -0.210471 -0.196154 -0.174637 -0.146776 -0.113544 -0.075977 -0.035119 0.008012 0.052459 0.097346 0.141897 0.185434 0.227390 0.267295 0.304779 0.339554 0.371410 0.400201 0.425831 0.448250 0.467433 0.483382 0.496107 0.505628 0.511962 0.515125 0.515125 0.511962 0.505628 0.496107 0.483382 0.467433 0.448250 0.425831 0.400201 0.371410 0.339554 0.304779 0.267295 0.227390 0.185434 0.141897 0.097346 0.052459 0.008012 -0.035119 -0.075977 -0.113544 -0.146776 -0.174637 -0.196154 -0.210471 -0.216909 -0.215036 -0.204727 -0.186222 -0.160169 -0.127651 -0.090176 -0.049652 -0.008306 0.031424 0.067038 0.096156 0.116719 0.127196 0.126776 0.115516 0.094427 0.065477 0.031480 -0.004115 -0.037546 -0.065143 -0.083763 -0.091234 \n-0.089365 -0.076556 -0.053242 -0.022158 0.013154 0.048808 0.081030 0.106538 0.122834 0.128374 0.122627 0.106028 0.079849 0.046019 0.006908 -0.034891 -0.076767 -0.116266 -0.151231 -0.179895 -0.200940 -0.213510 -0.217199 -0.212011 -0.198305 -0.176725 -0.148134 -0.113544 -0.074049 -0.030772 0.015186 0.062777 0.111042 0.159120 0.206266 0.251851 0.295358 0.336379 0.374605 0.409811 0.441847 0.470626 0.496107 0.518286 0.537183 0.552836 0.565287 0.574580 0.580753 0.583832 0.583832 0.580753 0.574580 0.565287 0.552836 0.537183 0.518286 0.496107 0.470626 0.441847 0.409811 0.374605 0.336379 0.295358 0.251851 0.206266 0.159120 0.111042 0.062777 0.015186 -0.030772 -0.074049 -0.113544 -0.148134 -0.176725 -0.198305 -0.212011 -0.217199 -0.213510 -0.200940 -0.179895 -0.151231 -0.116266 -0.076767 -0.034891 0.006908 0.046019 0.079849 0.106028 0.122627 0.128374 0.122834 0.106538 0.081030 0.048808 0.013154 -0.022158 -0.053242 -0.076556 -0.089365 \n-0.085321 -0.067570 -0.040197 -0.006426 0.029888 0.064740 0.094427 0.115909 0.127056 0.126777 0.115028 0.092721 0.061557 0.023816 -0.017873 -0.060762 -0.102184 -0.139721 -0.171330 -0.195418 -0.210884 -0.217111 -0.213943 -0.201624 -0.180739 -0.152130 -0.116828 -0.075977 -0.030772 0.017598 0.067994 0.119360 0.170747 0.221326 0.270397 0.317385 0.361835 0.403403 0.441847 0.477007 0.508796 0.537183 0.562181 0.583832 0.602201 0.617359 0.629380 0.638330 0.644263 0.647220 0.647220 0.644263 0.638330 0.629380 0.617359 0.602201 0.583832 0.562181 0.537183 0.508796 0.477007 0.441847 0.403403 0.361835 0.317385 0.270397 0.221326 0.170747 0.119360 0.067994 0.017598 -0.030772 -0.075977 -0.116828 -0.152130 -0.180739 -0.201624 -0.213943 -0.217111 -0.210884 -0.195418 -0.171330 -0.139721 -0.102184 -0.060762 -0.017873 0.023816 0.061557 0.092721 0.115028 0.126777 0.127056 0.115909 0.094427 0.064740 0.029888 -0.006426 -0.040197 -0.067570 -0.085321 \n-0.079445 -0.057236 -0.026480 0.009191 0.045693 0.078991 0.105528 0.122563 0.128374 0.122337 0.104889 0.077392 0.041939 0.001111 -0.042259 -0.085320 -0.125403 -0.160169 -0.187726 -0.206682 -0.216168 -0.215818 -0.205721 -0.186358 -0.158522 -0.123238 -0.081685 -0.035119 0.015186 0.067994 0.122149 0.176602 0.230429 0.282847 0.333207 0.380998 0.425831 0.467433 0.505628 0.540321 0.571487 0.599153 0.623382 0.644263 0.661900 0.676398 0.687858 0.696368 0.702000 0.704803 0.704803 0.702000 0.696368 0.687858 0.676398 0.661900 0.644263 0.623382 0.599153 0.571487 0.540321 0.505628 0.467433 0.425831 0.380998 0.333207 0.282847 0.230429 0.176602 0.122149 0.067994 0.015186 -0.035119 -0.081685 -0.123238 -0.158522 -0.186358 -0.205721 -0.215818 -0.216168 -0.206682 -0.187726 -0.160169 -0.125403 -0.085320 -0.042259 0.001111 0.041939 0.077392 0.104889 0.122337 0.128374 0.122563 0.105528 0.078991 0.045693 0.009191 -0.026480 -0.057236 -0.079445 \n-0.072097 -0.045973 -0.012517 0.024307 0.060273 0.091386 0.114304 0.126626 0.127064 0.115462 0.092721 0.060624 0.021607 -0.021494 -0.065697 -0.108100 -0.146074 -0.177400 -0.200362 -0.213791 -0.217061 -0.210054 -0.193102 -0.166908 -0.132461 -0.090947 -0.043674 0.008012 0.062777 0.119360 0.176602 0.233474 0.289095 0.342731 0.393796 0.441847 0.486566 0.527749 0.565287 0.599153 0.629380 0.656049 0.679275 0.699188 0.715928 0.729633 0.740429 0.748423 0.753704 0.756328 0.756328 0.753704 0.748423 0.740429 0.729633 0.715928 0.699188 0.679275 0.656049 0.629380 0.599153 0.565287 0.527749 0.486566 0.441847 0.393796 0.342731 0.289095 0.233474 0.176602 0.119360 0.062777 0.008012 -0.043674 -0.090947 -0.132461 -0.166908 -0.193102 -0.210054 -0.217061 -0.213791 -0.200362 -0.177400 -0.146074 -0.108100 -0.065697 -0.021494 0.021607 0.060624 0.092721 0.115462 0.127064 0.126626 0.114304 0.091386 0.060273 0.024307 -0.012517 -0.045973 -0.072097 \n-0.063635 -0.034165 0.001325 0.038619 0.073421 0.101846 0.120814 0.128300 0.123455 0.106587 0.079036 0.042966 0.001111 -0.043489 -0.087752 -0.128769 -0.163990 -0.191347 -0.209323 -0.216981 -0.213943 -0.200336 -0.176725 -0.144019 -0.103384 -0.056150 -0.003729 0.052459 0.111042 0.170747 0.230429 0.289095 0.345910 0.400201 0.451450 0.499283 0.543455 0.583832 0.620374 0.653113 0.682144 0.707597 0.729633 0.748423 0.764141 0.776953 0.787007 0.794430 0.799322 0.801751 0.801751 0.799322 0.794430 0.787007 0.776953 0.764141 0.748423 0.729633 0.707597 0.682144 0.653113 0.620374 0.583832 0.543455 0.499283 0.451450 0.400201 0.345910 0.289095 0.230429 0.170747 0.111042 0.052459 -0.003729 -0.056150 -0.103384 -0.144019 -0.176725 -0.200336 -0.213943 -0.216981 -0.209323 -0.191347 -0.163990 -0.128769 -0.087752 -0.043489 0.001111 0.042966 0.079036 0.106587 0.123455 0.128300 0.120814 0.101846 0.073421 0.038619 0.001325 -0.034165 -0.063635 \n-0.054402 -0.022158 0.014743 0.051901 0.085019 0.110378 0.125195 0.127842 0.117912 0.096156 0.064322 0.024915 -0.019078 -0.064464 -0.108100 -0.147116 -0.179071 -0.202069 -0.214808 -0.216591 -0.207282 -0.187248 -0.157270 -0.118450 -0.072110 -0.019702 0.037275 0.097346 0.159120 0.221326 0.282847 0.342731 0.400201 0.454649 0.505628 0.552836 0.596099 0.635353 0.670622 0.702000 0.729633 0.753704 0.774412 0.791967 0.806573 0.818421 0.827680 0.834494 0.838974 0.841194 0.841194 0.838974 0.834494 0.827680 0.818421 0.806573 0.791967 0.774412 0.753704 0.729633 0.702000 0.670622 0.635353 0.596099 0.552836 0.505628 0.454649 0.400201 0.342731 0.282847 0.221326 0.159120 0.097346 0.037275 -0.019702 -0.072110 -0.118450 -0.157270 -0.187248 -0.207282 -0.216591 -0.214808 -0.202069 -0.179071 -0.147116 -0.108100 -0.064464 -0.019078 0.024915 0.064322 0.096156 0.117912 0.127842 0.125195 0.110378 0.085019 0.051901 0.014743 -0.022158 -0.054402 \n-0.044713 -0.010246 0.027497 0.064001 0.095023 0.117054 0.127639 0.125549 0.110811 0.084598 0.049030 0.006908 -0.038571 -0.084102 -0.126529 -0.163044 -0.191347 -0.209728 -0.217111 -0.213034 -0.197601 -0.171405 -0.135430 -0.090947 -0.039420 0.017598 0.078540 0.141897 0.206266 0.270397 0.333207 0.393796 0.451450 0.505628 0.555955 0.602201 0.644263 0.682144 0.715928 0.745768 0.771860 0.794430 0.813718 0.829964 0.843402 0.854244 0.862679 0.868862 0.872916 0.874922 0.874922 0.872916 0.868862 0.862679 0.854244 0.843402 0.829964 0.813718 0.794430 0.771860 0.745768 0.715928 0.682144 0.644263 0.602201 0.555955 0.505628 0.451450 0.393796 0.333207 0.270397 0.206266 0.141897 0.078540 0.017598 -0.039420 -0.090947 -0.135430 -0.171405 -0.197601 -0.213034 -0.217111 -0.209728 -0.191347 -0.163044 -0.126529 -0.084102 -0.038571 0.006908 0.049030 0.084598 0.110811 0.125549 0.127639 0.117054 0.095023 0.064001 0.027497 -0.010246 -0.044713 \n-0.034847 0.001325 0.039409 0.074831 0.103452 0.122004 0.128374 0.121735 0.102529 0.072319 0.033561 -0.010685 -0.057058 -0.102184 -0.142919 -0.176554 -0.200940 -0.214570 -0.216591 -0.206775 -0.185455 -0.153435 -0.111883 -0.062226 -0.006044 0.055024 0.119360 0.185434 0.251851 0.317385 0.380998 0.441847 0.499283 0.552836 0.602201 0.647220 0.687858 0.724179 0.756328 0.784510 0.808966 0.829964 0.847778 0.862679 0.874922 0.884741 0.892339 0.897886 0.901510 0.903300 0.903300 0.901510 0.897886 0.892339 0.884741 0.874922 0.862679 0.847778 0.829964 0.808966 0.784510 0.756328 0.724179 0.687858 0.647220 0.602201 0.552836 0.499283 0.441847 0.380998 0.317385 0.251851 0.185434 0.119360 0.055024 -0.006044 -0.062226 -0.111883 -0.153435 -0.185455 -0.206775 -0.216591 -0.214570 -0.200940 -0.176554 -0.142919 -0.102184 -0.057058 -0.010685 0.033561 0.072319 0.102529 0.121735 0.128374 0.122004 0.103452 0.074831 0.039409 0.001325 -0.034847 \n-0.025049 0.012360 0.050358 0.084363 0.110378 0.125397 0.127655 0.116719 0.093421 0.059686 0.018267 -0.027562 -0.074312 -0.118571 -0.157241 -0.187726 -0.208047 -0.216899 -0.213652 -0.198305 -0.171405 -0.133952 -0.087280 -0.032951 0.027354 0.091929 0.159120 0.227390 0.295358 0.361835 0.425831 0.486566 0.543455 0.596099 0.644263 0.687858 0.726911 0.761547 0.791967 0.818421 0.841194 0.860590 0.876914 0.890461 0.901510 0.910310 0.917079 0.921995 0.925196 0.926772 0.926772 0.925196 0.921995 0.917079 0.910310 0.901510 0.890461 0.876914 0.860590 0.841194 0.818421 0.791967 0.761547 0.726911 0.687858 0.644263 0.596099 0.543455 0.486566 0.425831 0.361835 0.295358 0.227390 0.159120 0.091929 0.027354 -0.032951 -0.087280 -0.133952 -0.171405 -0.198305 -0.213652 -0.216899 -0.208047 -0.187726 -0.157241 -0.118571 -0.074312 -0.027562 0.018267 0.059686 0.093421 0.116719 0.127655 0.125397 0.110378 0.084363 0.050358 0.012360 -0.025049 \n-0.015520 0.022711 0.060273 0.092614 0.115909 0.127425 0.125746 0.110811 0.083822 0.047027 0.003439 -0.043489 -0.090176 -0.133201 -0.169534 -0.196707 -0.212916 -0.217061 -0.208726 -0.188124 -0.156005 -0.113544 -0.062226 -0.003729 0.060183 0.127752 0.197301 0.267295 0.336379 0.403403 0.467433 0.527749 0.583832 0.635353 0.682144 0.724179 0.761547 0.794430 0.823075 0.847778 0.868862 0.886662 0.901510 0.913725 0.923603 0.931408 0.937369 0.941672 0.944460 0.945829 0.945829 0.944460 0.941672 0.937369 0.931408 0.923603 0.913725 0.901510 0.886662 0.868862 0.847778 0.823075 0.794430 0.761547 0.724179 0.682144 0.635353 0.583832 0.527749 0.467433 0.403403 0.336379 0.267295 0.197301 0.127752 0.060183 -0.003729 -0.062226 -0.113544 -0.156005 -0.188124 -0.208726 -0.217061 -0.212916 -0.196707 -0.169534 -0.133201 -0.090176 -0.043489 0.003439 0.047027 0.083822 0.110811 0.125746 0.127425 0.115909 0.092614 0.060273 0.022711 -0.015520 \n-0.006426 0.032276 0.069126 0.099642 0.120183 0.128300 0.122910 0.104309 0.074033 0.034624 -0.010685 -0.058293 -0.104558 -0.146074 -0.179895 -0.203692 -0.215835 -0.215424 -0.202249 -0.176725 -0.139784 -0.092762 -0.037275 0.024899 0.091929 0.162016 0.233474 0.304779 0.374605 0.441847 0.505628 0.565287 0.620374 0.670622 0.715928 0.756328 0.791967 0.823075 0.849947 0.872916 0.892339 0.908580 0.921995 0.932922 0.941672 0.948520 0.953705 0.957421 0.959816 0.960988 0.960988 0.959816 0.957421 0.953705 0.948520 0.941672 0.932922 0.921995 0.908580 0.892339 0.872916 0.849947 0.823075 0.791967 0.756328 0.715928 0.670622 0.620374 0.565287 0.505628 0.441847 0.374605 0.304779 0.233474 0.162016 0.091929 0.024899 -0.037275 -0.092762 -0.139784 -0.176725 -0.202249 -0.215424 -0.215835 -0.203692 -0.179895 -0.146074 -0.104558 -0.058293 -0.010685 0.034624 0.074033 0.104309 0.122910 0.128300 0.120183 0.099642 0.069126 0.032276 -0.006426 \n0.002107 0.040986 0.076924 0.105528 0.123356 0.128234 0.119402 0.097484 0.064322 0.022714 -0.023916 -0.071854 -0.117420 -0.157241 -0.188466 -0.208908 -0.217111 -0.212365 -0.194655 -0.164579 -0.123238 -0.072110 -0.012924 0.052459 0.122149 0.194325 0.267295 0.339554 0.409811 0.477007 0.540321 0.599153 0.653113 0.702000 0.745768 0.784510 0.818421 0.847778 0.872916 0.894203 0.912025 0.926772 0.938819 0.948520 0.956199 0.962143 0.966597 0.969760 0.971783 0.972769 0.972769 0.971783 0.969760 0.966597 0.962143 0.956199 0.948520 0.938819 0.926772 0.912025 0.894203 0.872916 0.847778 0.818421 0.784510 0.745768 0.702000 0.653113 0.599153 0.540321 0.477007 0.409811 0.3